0.000000 0.000000 0.000000 0.000000 0.000000
-0.551247 0.000000 0.000000 0.000000 0.000000
-3.088943 -2.852909 -2.985639 -3.038245 -2.919592
0.000000 0.000000 0.000000 0.000000 0.000000
0.000000 0.000000 0.000000 0.000000 0.000000
-0.330353 -0.641207 -0.200000 -0.200000 0.000000
0.000000 0.000000 0.000000 0.000000 0.000000
0.000000 0.000000 0.000000 0.000000 0.000000
-2.105046 -1.926834 -2.020972 -1.943260 -1.820098
0.000000 0.000000 0.000000 0.000000 0.000000
0.000000 0.000000 0.000000 0.000000 0.000000
-2.200854 -2.173417 -2.176980 -2.267872 -2.655052
0.000000 0.000000 0.000000 0.000000 0.000000
0.000000 0.000000 0.000000 0.000000 0.000000
-0.292211 -0.376246 -0.754393 -0.646372 -0.952926
0.000000 0.000000 0.000000 0.000000 0.000000
0.000000 0.000000 0.000000 0.000000 0.000000
-4.029989 -4.040914 -4.020457 -4.049244 -4.069712
0.000000 0.000000 0.000000 0.000000 0.000000
0.000000 0.000000 0.000000 0.000000 0.000000
-2.057177 -2.052533 -2.006891 -2.080666 -1.991941
0.000000 0.000000 0.000000 0.000000 0.000000
0.000000 0.000000 0.000000 0.000000 0.000000
-0.348727 0.000000 0.000000 0.000000 0.000000
0.000000 0.000000 0.000000 0.000000 0.000000
0.000000 0.000000 0.000000 0.000000 0.000000
-4.422216 -4.353622 -4.428986 -4.422149 -4.436128
0.000000 0.000000 0.000000 0.000000 0.000000
0.000000 0.000000 0.000000 0.000000 0.000000
-0.422359 -0.801163 -0.241216 -0.200000 -0.552635
0.000000 0.000000 0.000000 0.000000 0.000000
0.000000 0.000000 0.000000 0.000000 0.000000
-0.547010 0.000000 0.000000 0.000000 0.000000
0.000000 0.000000 0.000000 0.000000 0.000000
0.000000 0.000000 0.000000 0.000000 0.000000
0.000000 0.000000 0.000000 0.000000 0.000000
0.000000 0.000000 0.000000 0.000000 0.000000
0.000000 0.000000 0.000000 0.000000 0.000000
-0.931005 -1.176568 -0.926338 -1.026925 -0.919127
0.000000 0.000000 0.000000 0.000000 0.000000
0.000000 0.000000 0.000000 0.000000 0.000000
0.000000 0.000000 0.000000 0.000000 0.000000
0.000000 0.000000 0.000000 0.000000 0.000000
0.000000 0.000000 0.000000 0.000000 0.000000
-0.257600 0.000000 0.000000 0.000000 0.000000
0.000000 0.000000 0.000000 0.000000 0.000000
0.000000 0.000000 0.000000 0.000000 0.000000
-1.003729 -0.601041 -0.907214 -0.931657 -0.696484
0.000000 0.000000 0.000000 0.000000 0.000000
0.000000 0.000000 0.000000 0.000000 0.000000
0.000000 0.000000 0.000000 0.000000 0.000000
0.000000 0.000000 0.000000 0.000000 0.000000
0.000000 0.000000 0.000000 0.000000 0.000000
-0.713292 -1.196142 -1.219812 -1.441456 -1.317484
0.000000 0.000000 0.000000 0.000000 0.000000
0.000000 0.000000 0.000000 0.000000 0.000000
-0.200000 -0.529998 -0.232000 0.000000 0.000000
0.000000 0.000000 0.000000 0.000000 0.000000
0.000000 0.000000 0.000000 0.000000 0.000000
0.000000 0.000000 0.000000 0.000000 0.000000
0.000000 0.000000 0.000000 0.000000 0.000000
0.000000 0.000000 0.000000 0.000000 0.000000
0.000000 0.000000 0.000000 0.000000 0.000000
0.000000 0.000000 0.000000 0.000000 0.000000
0.000000 0.000000 0.000000 0.000000 0.000000
-0.360000 -0.262720 0.000000 0.000000 0.000000
0.000000 0.000000 0.000000 0.000000 0.000000
0.000000 0.000000 0.000000 0.000000 0.000000
0.000000 0.000000 0.000000 0.000000 0.000000
0.000000 0.000000 0.000000 0.000000 0.000000
0.000000 0.000000 0.000000 0.000000 0.000000
0.000000 0.000000 0.000000 0.000000 0.000000
0.000000 0.000000 0.000000 0.000000 0.000000
0.000000 0.000000 0.000000 0.000000 0.000000
-0.431526 0.000000 0.000000 0.000000 0.000000
0.000000 0.000000 0.000000 0.000000 0.000000
0.000000 0.000000 0.000000 0.000000 0.000000
0.000000 0.000000 0.000000 0.000000 0.000000
0.000000 0.000000 0.000000 0.000000 0.000000
0.000000 0.000000 0.000000 0.000000 0.000000
-1.758727 -1.791813 -1.194258 -1.417615 -1.326773
-0.512998 -0.562796 -0.200000 0.000000 0.000000
-0.357010 -0.402821 -0.200000 -0.545539 0.000000
-0.416962 -0.421176 -0.965058 -0.567841 -0.634091
0.000000 0.000000 0.000000 0.000000 0.000000
0.000000 0.000000 0.000000 0.000000 0.000000
0.000000 0.000000 0.000000 0.000000 0.000000
0.000000 0.000000 0.000000 0.000000 0.000000
0.000000 0.000000 0.000000 0.000000 0.000000
-4.231544 -4.273641 -4.260861 -4.278448 -4.266371
0.000000 0.000000 0.000000 0.000000 0.000000
-0.407421 -0.437062 0.000000 0.000000 0.000000
-0.748546 -0.687942 -1.019461 -0.754568 -0.736350
0.000000 0.000000 0.000000 0.000000 0.000000
0.000000 0.000000 0.000000 0.000000 0.000000
0.000000 0.000000 0.000000 0.000000 0.000000
0.000000 0.000000 0.000000 0.000000 0.000000
0.000000 0.000000 0.000000 0.000000 0.000000
-4.386603 -4.395708 -4.361683 -4.380172 -4.371741
0.000000 0.000000 0.000000 0.000000 0.000000
0.000000 0.000000 0.000000 0.000000 0.000000
-0.445704 -0.518993 -1.254149 -0.487894 -0.491177
0.000000 0.000000 0.000000 0.000000 0.000000
0.000000 0.000000 0.000000 0.000000 0.000000
0.000000 0.000000 0.000000 0.000000 0.000000
0.000000 0.000000 0.000000 0.000000 0.000000
0.000000 0.000000 0.000000 0.000000 0.000000
-4.311658 -4.285683 -4.307624 -4.302485 -4.305172
-0.241216 0.000000 0.000000 0.000000 0.000000
0.000000 0.000000 0.000000 0.000000 0.000000
-0.475804 -0.594114 -0.902873 -0.595017 -0.662634
0.000000 0.000000 0.000000 0.000000 0.000000
0.000000 0.000000 0.000000 0.000000 0.000000
0.000000 0.000000 0.000000 0.000000 0.000000
0.000000 0.000000 0.000000 0.000000 0.000000
0.000000 0.000000 0.000000 0.000000 0.000000
0.000000 0.000000 0.000000 0.000000 0.000000
0.000000 0.000000 0.000000 0.000000 0.000000
0.000000 0.000000 0.000000 0.000000 0.000000
-0.601521 -0.200000 -0.200000 -0.485122 0.000000
0.000000 0.000000 0.000000 0.000000 0.000000
-0.516827 0.000000 0.000000 0.000000 0.000000
0.000000 0.000000 0.000000 0.000000 0.000000
0.000000 0.000000 0.000000 0.000000 0.000000
0.000000 0.000000 0.000000 0.000000 0.000000
0.000000 0.000000 0.000000 0.000000 0.000000
0.000000 0.000000 0.000000 0.000000 0.000000
0.000000 0.000000 0.000000 0.000000 0.000000
-0.325353 -0.397120 -0.360000 -0.200000 -0.354293
0.000000 0.000000 0.000000 0.000000 0.000000
0.000000 0.000000 0.000000 0.000000 0.000000
0.000000 0.000000 0.000000 0.000000 0.000000
0.000000 0.000000 0.000000 0.000000 0.000000
0.000000 0.000000 0.000000 0.000000 0.000000
-1.056739 -0.262720 -0.295234 -0.887713 -0.877748
-0.232000 0.000000 0.000000 0.000000 0.000000
0.000000 0.000000 0.000000 0.000000 0.000000
-0.532553 -0.392000 -0.560423 -1.035664 -0.586789
0.000000 0.000000 0.000000 0.000000 0.000000
0.000000 0.000000 0.000000 0.000000 0.000000
0.000000 0.000000 0.000000 0.000000 0.000000
0.000000 0.000000 0.000000 0.000000 0.000000
0.000000 0.000000 0.000000 0.000000 0.000000
0.000000 0.000000 0.000000 0.000000 0.000000
0.000000 0.000000 0.000000 0.000000 0.000000
0.000000 0.000000 0.000000 0.000000 0.000000
-0.200000 0.000000 0.000000 0.000000 0.000000
0.000000 0.000000 0.000000 0.000000 0.000000
0.000000 0.000000 0.000000 0.000000 0.000000
0.000000 0.000000 0.000000 0.000000 0.000000
0.000000 0.000000 0.000000 0.000000 0.000000
0.000000 0.000000 0.000000 0.000000 0.000000
0.000000 0.000000 0.000000 0.000000 0.000000
0.000000 0.000000 0.000000 0.000000 0.000000
0.000000 0.000000 0.000000 0.000000 0.000000
-0.200000 -0.200000 -0.766223 -0.200000 0.000000
0.000000 0.000000 0.000000 0.000000 0.000000
0.000000 0.000000 0.000000 0.000000 0.000000
0.000000 0.000000 0.000000 0.000000 0.000000
0.000000 0.000000 0.000000 0.000000 0.000000
0.000000 0.000000 0.000000 0.000000 0.000000
-1.450293 -1.561502 -1.692680 -1.826474 -1.547840
-3.247679 -2.665141 -3.113498 -3.347478 -3.052198
-1.092144 -0.870267 -1.060644 -0.812566 -0.925957
-3.629396 -3.735080 -3.704632 -3.682033 -3.632905
-0.688312 -0.360000 -0.491338 -0.484703 -0.360000
-0.788192 -0.485462 -0.947601 -0.597073 -0.433083
-3.230694 -3.058501 -3.173212 -3.157017 -3.209030
-0.200000 -0.200000 -0.251868 0.000000 0.000000
-0.385600 -0.407509 -0.397939 -0.873809 -0.802858
-4.623504 -4.615008 -4.624157 -4.233334 -4.614449
-2.687997 -3.044062 -2.697161 -2.705952 -3.074371
-1.654605 -1.854230 -1.910057 -1.447771 -1.432327
-4.597376 -4.603417 -4.602053 -4.612385 -4.534556
-1.588754 -1.523389 -1.548344 -1.447367 -1.558321
-0.303016 -0.315160 -0.888083 -0.684776 0.000000
-4.563520 -4.566851 -4.543912 -4.552226 -4.545713
-0.290929 -0.200000 -0.331164 0.000000 0.000000
-0.402166 -0.676290 -0.589088 -0.405672 -0.200000
-4.432737 -4.452078 -4.460423 -4.437177 -4.238841
-2.648271 -2.680158 -2.517029 -2.699549 -2.447763
-0.892352 -0.924454 -0.934270 -1.041422 -0.940778
-4.613643 -4.616213 -4.601126 -4.601759 -4.613390
-1.273685 -1.149004 -1.499069 -1.163690 -1.331368
-0.838584 -0.314413 -0.672094 -0.360000 -0.939672
-4.495790 -4.498793 -4.522664 -4.511109 -4.500948
-0.576470 -0.529092 -0.568745 0.000000 0.000000
-0.232000 -0.232000 -0.200000 -0.200000 0.000000
-4.531716 -4.498881 -4.537994 -4.521030 -4.526995
-0.774365 -0.541818 -0.732042 -0.232000 -0.200000
-0.654940 -0.200000 -0.200000 -0.875437 0.000000
-2.859453 -2.808913 -2.977861 -3.055369 -3.155702
0.000000 0.000000 0.000000 0.000000 0.000000
0.000000 0.000000 0.000000 0.000000 0.000000
0.000000 0.000000 0.000000 0.000000 0.000000
0.000000 0.000000 0.000000 0.000000 0.000000
-0.200000 0.000000 0.000000 0.000000 0.000000
-0.998424 -0.852029 -0.839111 -0.878328 -1.290116
-1.679451 -1.742281 -1.671887 -1.783919 -1.763214
-0.392000 -0.467622 -1.035958 -0.200000 -0.392000
-4.585512 -4.591746 -4.599247 -4.585432 -4.598137
0.000000 0.000000 0.000000 0.000000 0.000000
0.000000 0.000000 0.000000 0.000000 0.000000
0.000000 0.000000 0.000000 0.000000 0.000000
0.000000 0.000000 0.000000 0.000000 0.000000
0.000000 0.000000 0.000000 0.000000 0.000000
0.000000 0.000000 0.000000 0.000000 0.000000
-1.508728 -1.304239 -1.212991 -1.272143 -1.472083
-0.857241 -0.344691 -0.616075 -0.593884 -0.618552
-4.561159 -4.553778 -4.553015 -4.572190 -4.563545
-0.356987 0.000000 0.000000 0.000000 0.000000
0.000000 0.000000 0.000000 0.000000 0.000000
0.000000 0.000000 0.000000 0.000000 0.000000
0.000000 0.000000 0.000000 0.000000 0.000000
0.000000 0.000000 0.000000 0.000000 0.000000
-2.870416 -3.004221 -3.097341 -2.955846 -3.032430
-2.789730 -2.913213 -2.805709 -2.648933 -2.396969
-4.033121 -4.000348 -4.032101 -4.040156 -3.982275
-4.347726 -4.619888 -4.620140 -4.616295 -4.613801
-0.488000 -0.617563 -0.664264 -0.600665 -0.869678
-0.498196 -0.232000 -0.348611 0.000000 0.000000
-1.530337 -1.315984 -1.926064 -1.382728 -1.273634
-0.883245 -0.397120 -0.232000 -0.200000 -0.200000
-0.232000 -0.669211 0.000000 0.000000 0.000000
-2.105309 -2.263499 -2.191421 -2.365722 -2.132951
-3.923771 -3.923947 -3.896725 -4.036689 -3.940754
-4.252287 -4.304411 -4.289041 -4.182638 -4.290052
-4.529828 -4.525947 -4.517199 -4.531046 -4.536351
-0.352051 -0.586136 -0.200000 -0.632250 -0.577800
0.000000 0.000000 0.000000 0.000000 0.000000
-1.124790 -0.606784 -0.646676 -0.799234 -0.832484
-0.470557 -0.200000 -0.232000 0.000000 0.000000
0.000000 0.000000 0.000000 0.000000 0.000000
-3.807368 -3.766935 -3.800684 -3.894728 -3.878549
-4.402395 -4.358988 -4.344873 -4.191596 -4.337795
-4.156342 -4.151586 -4.168822 -4.185372 -4.217092
-4.477660 -4.500136 -4.490257 -4.502348 -4.487080
-1.082035 -0.438228 -0.576320 -0.597011 -0.683749
-0.200000 -0.695699 -0.746876 -0.737895 -0.392128
-2.903830 -2.908345 -3.067096 -3.172385 -3.124891
-1.383693 -2.014183 -1.395002 -1.443961 -1.957967
-2.049376 -1.714855 -1.988587 -1.738518 -2.025267
-4.897837 -4.900350 -4.897041 -4.898176 -4.637104
