-3.305796 -3.784360 -3.780246
-3.631001 -3.973936 -3.910434
-3.672599 -4.069475 -4.040893
-0.727618 0.000000 -0.767898
-3.375488 -2.398909 -2.617508
-3.893375 -3.925781 -4.028220
0.000000 0.000000 0.000000
0.000000 0.000000 0.000000
-4.009062 -4.011664 -3.859318
-2.678936 -3.370965 -3.668883
-2.817548 -3.303054 -3.639838
-2.269804 -2.467113 -2.660248
-0.888894 -1.292355 -1.842675
-1.559154 -2.360709 -2.944939
-2.208778 -2.579573 -2.966093
0.000000 0.000000 0.000000
0.000000 -0.290351 -0.507678
-3.147789 -3.696898 -3.940084
-2.851131 -2.901110 -3.325693
-2.316464 -2.287862 -2.704974
-2.560328 -2.652271 -3.220088
-1.340941 -2.360998 -3.137016
-1.642291 -1.275517 -2.309349
-1.074123 -1.620218 -2.873672
-2.594252 -2.569061 -2.506487
-2.474039 -1.630645 -0.876684
-4.090271 -4.028293 -4.214432
