-2.760583 -3.759923 -3.693573 -3.838395 -3.553312
-3.587832 -3.406122 -3.545021 -3.552397 -3.605897
-3.356884 -3.744708 -3.657750 -3.811067 -3.824158
0.000000 0.000000 0.000000 0.000000 0.000000
-2.682064 -2.663804 -2.518895 -2.616399 -2.567449
-3.630829 -3.722700 -3.702071 -3.787297 -3.735241
0.000000 0.000000 0.000000 0.000000 0.000000
0.000000 0.000000 0.000000 0.000000 0.000000
-3.570750 -3.855978 -3.892329 -3.808390 -3.903429
-2.047297 -2.514367 -2.641052 -2.981739 -3.224851
-1.910559 -2.585916 -2.749561 -3.173486 -3.626773
-1.436857 -1.621321 -1.468799 -1.532080 -2.121436
-0.632095 -0.861259 -0.700314 -1.152717 -1.588190
-1.021944 -2.016970 -2.389124 -2.680023 -2.308555
-1.774626 -2.979738 -2.986153 -3.009693 -3.105050
0.000000 0.000000 0.000000 0.000000 0.000000
0.000000 0.000000 0.000000 0.000000 0.000000
-3.219486 -3.883913 -3.769636 -3.781765 -4.142808
-2.483788 -1.949129 -2.471131 -2.949559 -3.019206
-1.742902 -1.097806 -2.048690 -2.413367 -3.218221
-2.436183 -2.339172 -2.328694 -2.532443 -3.184257
-1.708414 -1.530296 -1.211701 -1.802585 -1.967134
-1.402297 -1.352446 -1.362922 -1.155919 -0.872567
-2.561325 -3.375483 -3.326641 -3.478193 -3.783309
-3.905651 -3.275921 -2.944543 -2.699649 -1.788676
-4.165955 -2.245960 -2.628328 -2.108959 -1.302026
-4.280306 -4.239094 -4.033297 -4.268367 -4.274726
